301261231609111240988184001090080601809818313353542428628044714944575187737638916
691407897227140613753458854921412680559037237951689302319685399819790
9973923280940567409217936925335174828332218694861891391670603501591660444359
4401515317345071932270336793
2015103182494313366400428345332137
17641784330370073015289386668172019074726783171931166365657337253262177315879
1877033452133373952044758641331921415737011743715957
514317248993229280044448539924
166981398
2871283516324537464125456575547579726126636455513797515804784168704670889234239
258413526760540944094894428969857015898801
1278161747317869139659349362783126186232929397569210886452816021
2372067142535366684
183255984235857871683974693578849962308228437658916585746507847
4924714
33609399090152793785185310443935570
1435869805134970330480287608
26858884422270538462338018874863509526059979745599298477028725788641767375066798
67708351971
15111136396675803153543150585261631879980094029919345147288
4131486764552129710390620499738369404857832687280215215318247028115413281440846
28324165041891218561107487491624362437742230769
11251829153319933702611113876984058409029565810625775574489603272329479922686
1127586188317024925752469481586343887122147680389067054422660337125115378721664
11602402736499464876894231045082974991769196796709998432
28334402588
24085038861070522443552969050277516331394415744865072807184216710961174
30188390417746571
223709015907063005397757098075932
43068085507263556885326165100611676251479543264608160487502821
43747006238755260
713177502920514361
21111343883439116194256739678130361
26484815973421878389342354628326887623504137957241315480668568369067268025848324937
150251685465695083311203
33905509381792615067073973071400
7207470630227492442745143564586051806102868872341670515863560621864047724
7577123939366338905220019110601287344117634982518106302815394964881418658289094502726
142258444962804958503023985551498
483668697936242724329927642126977822265015065
2878694615466829934529425004236373637058970927726402211
22742618856545004
709230457787685
16066679379403680121491318597194668734964809
27562470629971382727752606637129356550
1050247937755956927634357535011949631451149431462215016653353896705
189658403089124298220016338713864999595982978011845328925
208253048254633751008630238070689680757906986999275472
220931711123514512074
519229756939268758975050787344998410826
194116089181750388236416560516998649762524099966467753434289096
99805122584925046841930870
15542019715668392200275559745763224847598712720010574008
2742013081698739707768917808268191327891681167948709682970205463829408148
228723062264157103742566006127201306911977063861267880120
1329026626811132951041075960020535
679667428756577272371720543
3156933400643370384697508256224967906246231267940308317529862
2864783665760693538413413174687483569155453682911377559024897365245794
8642655487980203081238860757440
46955957662
1291220706662262802942591463289962409320797966350501040796
34555542997859968911745310430524296578187169567033207580423036323388141579
2247355186038901828418273538755642286807
280081837609257126471984194508758296520176621161666714427451931
109691933703332208776010065716901072839439943125931410691114020496266742369738439
2197209606628609275872005867392521167795157327082371761171120736464011879329820373898145
2931625502572
3918741277239028380263
1575217515259226203310332823175454667184216357119054921
89320
574807540886886541695182151333674010830450983004239
88979020203524877042144534133773630851191279139989205
164348344853202967802131905090633030709593119874831645974409312446743335552422695
66175217
769150162603257802317184289022136530768636149460
960398507832090856302445088817630483562487996552210230
4167661066887378790971309394982245215323544
18144422942283445137221410063642876110743338320194871338395813009
77314
1277520399917837522459932439616923186208041432440420564339
89754143834866812964096728834791760563
80267353719716160474520966560830079955555848947652676777216588395832277
160445550640793
2195
10836488505394498182486361517899709445618
31614306133442
853496703188926015029505476550259813219772836580612632136871562132170263208936236210077313
48127653424
622869727329430442451446773008861676281191453064602968330722728
122164819327706156799380321918829858855128913022972166821681261667168022115418489756277
8609517925405420252491530659290452302950893430871203426757574218283531
11531193684
41047870243155101524555317530554560780191698263113438748719854617531969331447895192918
990464973604515205545478619741250933739735462421547647957304048239
169976495026362565391280254802819864080
15927353623615540642820441488736619343496658245
2222158750351593155246561378032738590102631225480357731702109
25106358999542262710262152912808
80712923367544588741232307603057
