68333067554988742824204551664109863012613113653162030119095712073654524911258661944496201490
985
3311743791322924673940536985114715638997209058632578051393379095632345649908439457675020731878533
8320762
9961798787702242321412490494463896816517925489063192614273106422640427309811060965324054937920296293474468724110893
237686834635
2379256414614478996628896598813097000946247633183772621373873233783316415387060833430816667135118588
8379343650738149793123
149219571550940942626240997029566954374176270122802288862637507576542816627059279412459309191401726662678724
2
7999879204670035169156335997573551453818514525928979709767699162769704247775786574219055748093486637340797
70252921286362617621610690686104427
4124302961386801840591253738781419338148291816354393887427214457196671938276243157284882926187292971974978062545833
2939897366
1184602663729277555285814191593037594096971539437383753444658935838386278048084343242781754932920158474249200
260779707090121621106
1630945620419752796118386500815537635756887475631585025309534621312056986909505716300676387594432898637500694300934
10379148663799344168112935787715697
37077271873747507400670464470200894385441485295801931369389302028834108438972732748896601530630905610604487217539601
959917056689189890818041244046886290366193919910416
75712654849254215581154806488528997527106879551663112951919442931090327088165782375063686233327180484751293080680
18264350009616205490590203657925447053135100514509
28898357423099445386093405408103933320412201797931993526910326261455148589900094647138475509612018883772718913
473638521097
808447404670416480602510344477111965483223731561457241020858497305742151535527819124323620827606775
547899423983
2630954907159113655428109433795675597238036904252954455796624037334455802226787349429005337405002623041
1483197881351111468576504860227446737404867947814067436365
125645886296760197612801299029343740790273958249564685639661238831236278702231530429838394603405785021
951909625617866361614383957440956
935812904412690853317831630127453753506508746401040338334398763898661687498738183540572731135401359837905360
74899322813003014
631858704628109836475581523209758481937995119152836742051171759119541514522398217934409059583091
801975562762420920032567921006
16959993681869504615442351684149366649856904987651806078020280430710989003153691699230039157729989092699676977
79588271901622850902502362730770071770127113468328898
11735120508830488099169703477430985386174181193647874500679897965594001758935549315282203829671270779668510520
1181908288423042465820265596660205446815931732174747
15578149972861645215324805505721147762241893407732739078743484497860675447895042223042667876073778
6339
1304743717393218046660915155341295304230366887190946709452261362873493374558904123861084154034787
15583381722256556599517865607166809797801
61147925178816036689555056415954421710258892056405506407453093978759264718019875233916079312816268434361120786237
2075210599699534173975551
498602061382342359777862923722969517208432211356744632355421429767506611590923873396044104182272
13658940421080804205113384749531593798936935999089390
2050202180230003783589881226069237905618020310465151410818279467240568103750822999254767700073826261147548993
138022617862456091212112673252584969788848660965
2047732792226914820795758959813732104451025188283508639462180856894047919083725442445468313832401697411057493946033664
66450148
6321228799904693281193988582842215473858159790038870321039251933110624030056402193027421975248161357434696854402111
923020989150459618217559771364145
22744256547312623339785280996775182493155313978040967504963350440361843992547501694795734603
820385512425184456703351569208560425573711448828161
301842457804955261607627765125490355202210460848226815916727531000074588658624052206259406718171416
9705004803811788
2543169715486351309949025448375151552729095936700514488094784619691593271699408743777544542011523856743406235769990959
138373381882075868019913394676681897
17479345836004228851056797854454511679177675140932776967971204891592331391494740997519370798144136585865080
2656705025
51049422198077981881036931137021746461062444610694385803716226383367168771926796547266043873716814518419107465575
28849307848713301
69971772960051972797161564267819928263664669629624042372991421881260582473035648361443332519061758442944
1634857302103175093173139
10781390677669541157350453636231243831216468513679250592427864378490695100653071095949610834166101622246
38
81824578761964003996860265641393935402857748053596391769461114075237388571239937160221634630325669697437034788300
65
1599972608557970225671928036192535064695422254497367245903429595371798981189200081375402360588556053471989302188893
606838577517045455142817434361852902226312319615
16467404456992512588866712139863139169190646813992555973631466706008130452757306694408308649623935412703848599
194668909286927863742990216951115781150273557235181223977394
24422311422592064403816998744027541304763992179904376461188381974522526540076397755591751777483659
1111100078172496530
2135067637888359495365251710035885539441084417822420145004910404521667324542694422115768752801542340115
1042616975822200113080182
295249530881157889301553768071675930554267325439096128392196580688987740575586208870672590485417203853844485125044
3297099014
72938556954789685796793112404445604003964396360890316245091164319780010343873981984680974232732423252937296773137458
124771862275412
4373491877450171015511384942075399500250015207323803577784690083488952061642989259390853384890505
43090484767271968805310595685296134897291880035116
1339536144292965671058036884218067397798154126594446882170479434942109271098684408630655775
1583829095694186891807933898012943677588
14500741881755209378085637615502512519627642593609654522032773892090203031210160486792079854061003838016440
126358759575287904496914690499204493814
937194291976378881857194087269076686535642581951728885648218144989705171483945459716727113195759813
27027521339040300983746625554970764412919
99293163422806701481710016765161802518968701835474370008698870350161067711899560124686992734910363790022149027
35108676
28182901907763042126939170276316184316937424227936484498149081419096103748913247177220052298
439604034761091166
8089492955829775286584688219169818038759272054311628691038472009831770207733436424994536974705
7093656682015772949339791273175091217432131921077
12572459099773823847412736332021653655497426409332417093138634763192133690344185417403951469581413144267079362
144069028636454994475917534710090659
59055971547549046593860504037024640380681099645035269949247858071236820177178516320514212706307647421
94595360424420928846264687760
14434930071099162091284671677691107517827731290761307252937076779200984388716721522118969871807949734491044574707676031
4222899761407801372950239547334194597
4619257631512104604880524873825382002847960499052345983730061443603330031843364035280960042408565273958415
1304365452408681416108011279196430136964773198453516
63252657567814894093011702394311843167218265288595742821048437416528715882589321030279103645911360078433139524
19973604037058681223232307647
1024834874976728785346400011105714851058630747730241473185421380797391725315672263065495865977074940054205976622969823
43891992285149452444262079
949125528840225112476020249558577737121846860771197389948167877893981798381458639755729857591319970
15388705788489783376821056
128178059687822176173051130207480833760838718853219855701153915314350425431776562229957827990498
34013791604268250182109885044466
164686743023411713173675647758520837158948926660487709899618490569964894416078618649594649121798484038
14590124
821563937454395089248085061144233831165131174444588125927530845793621291391175158471992693053456900361831618667
296496003473252872045257218010104
16789755345845345669807948134068153099654138684104719511811171715891492784294242249143076851396833844521861776064283068
132337113416154029215881241
5948449010458066562248748807477959671166127488110671722505935207798898512010557520908639302343690
45574691830482592113398299044030305748292092421657672774252
7668032911405952809509884242962633770188205485443035226766122905417598959944520102155354496512446519188522535830
1985647547415785138469864814421272685720
58413621727620905092367702531203469450310948718086563633212401929282736923871686646341971012247788515017539
11042423904359544352529569341098
26444126656387484319882313624284784426218445095107070866064898935884948583246656636500571886931
344900443876010506312708911
1059666562621236674678254569166681523182078169711345354484356611272832255077950519408006141088521234670864787
59444637748388255198440551343
12910276245902552319977334520260258721139340321842020355714756998409047969209633708901744914258391746415498
15983083497989539049750773927221
41650899290840326729646047275282297036456041743478766667343982743813809017798358250784942239691
1370171951391876690451315895113674877686137337
1992922625067815551492084419618171764498251382643342576764603670833955764165450377887790100161918
3450597311
5686448033633900908980311258339997833459303879956563166526510944649669676241288645952938472962
255934536070
34546249520687897943954220993181130762122706365220478981314399588504786612352046532252084641803147369211
31633568066529590767457181
240102707404081049896953133700069792127185602897372802364456170700531531017623424009777749698
252442604665890811472
94469786521961064616954209023228590622774078784464975384402180600430636922627902144514149641594
31839645839687795288998774668487401185540041826787
68678972684587579549351414252084930948006482428926409708087742045937407490065369460273147830566093701843634323218884
344412926734979
9179002312845772033172061635868190424883878085998353078387014069638594353082513264767481080960728322582378251432
37269602381690637548811269146332428822341
292585029292632223464930256439044503819981629919240974054265431560329294237335757685670345754566710403903857
2140410273202691929
589622399398146852580045843882748891103238275897868294236031715889532595838240532686958585089824444235370877270239304896
1083076850383159576623504120016540
93753865654810847396721523887409696721761230037793650268552422925662065340528818986727082417185834890
2261389164350462333885237648685857268956310342880601481641
22535215441072585216619189855003451794567793520011647543561687898147432480004100505189001838456824091290
4389
575275294056647674983985220212253088498701514260106700894960543115005181959722296128391452024928886
175582019764518558531469930956253066
27767741969424529390363204885229503468123775882021139785795684748218292589495501265117730324592532081571198082447
1010715
247371017479826280416099543538757259255582102193773200337681830101090960949314758376948444757653062
12773909987382741622
1575129478274854663184165999829370100131737511316572748563668269602116769934256397343072891058236787789901553653
1021708
116704973971935738667208667162726423870658777030772695763228615311853036162600940706296573695578
923599
2482257750839123754694907209352321942699857905789171439176469196324677474854289939763065340630112644840041105122960604
12981787
11113389696117949415355421186390534767615910127885503176880567498755547419098703125537153711
781922685617182604603093315991462548656026
2744236910422320916323874366198324661755671127192652913000638640372848982885857169734484099325996175
10098229398545099884632416854657320943190172518037451926
346620661402487743622732020706136549903488842633013993474980633947353617582242799854088772283386
12539876018435593856144234060400683182897626570
5756300481828040747665357321247790968231327339079239103201456106739845398035608372808908902304329
622
135157829071804101132202005229128606227125015281799825811486425697577522735717415076116587252613971976765156268534
22961550004
9164935183186831947814950202360946448297343696846689431902407638839851142788966618670351141872045856278010
1457510219660431363775264352695624117934649135023188
10590131386169584452450945150724822615138637471067133005129419472816420421359981964903799158691195258164379
74791858203145885842188627984240156315997
29409310349070645872782462240567239015427942894021638438540342140134495706622906949885477856742394017893745099
2089
5311806082419478696829227863086071155250027548444736723687131379428562061269459990421165709599975073388773099501876
221450652460761133099537655035691166645019421188
14875717398436278431010659438028879705602147231626889126060038154516702985249714654626460840364850024821493
23566003848119585678397240568066879009
1040262205332279995751855199920625383599628564510955673621418901627550899000872867842233030429759582540
340239764885155975792005398395624360
6610145616564780875349162623637612199691633358973992974970504342069157815443976155919145214
17532812866140828225606
210834147679491794043338496059055424523858972865487157029441639954336040703146951945875104957675426
3362037302693011235313616664599338654310693
5424671041858281635174514669548653387505041386030828146282012849742996088522051006531002462741128
18205322334786659652190585524562359931974306
501216997632596231265258143566036615256682719211816670639895423661916814973236146068499451058043226774688277
1024764888821107960476358826566
21483898656360043650509079605422537101387274336029467869513057395357484265516549651681792685041879033456677
1419151192520691027775532748407508668612918521136
109692740086589773213189798837472704332983610682699141032091686360155192412703485832965942409006
79528893119037367218967995922893186165189927
9940822448647905764626066664285565938284739700770687832888537583611570973912060694986065856000934986
11412241
