40312841
11
159
17411059924161035787562
23
66965017977157173720170827
531747012462953802829486060852796542129398241409727
6
1761911
7979617768141694213349634322
5
24630205454567689110970141
34932177438495759030155902712281176151180959709267295490
6
224239
384984953803863119752623053148807224
0
43
72263598224542584612395603533060489382
15
2858744899
15794634160591696304243150803194571203951099757550693
1
381
340986236255423392461578854252321570624565744270
0
32837437387373117794782477661
533018477291593427882256000304139067459196963879925
1
525343981401
966817080112064
51
6006354752182404061605
1793363
28
13151601
2951381258524819053593518579981
26
15306177840821895934103321
781998092386057906971398389944111223213606475595520
3
104123
250
5
2068769243333
125776119
34
3105979632161413499
10660837204615724036448964686730213642626093268759
5
841553001
45151098853057465
5
116117
78728313341472965031798275197833128724049306
12
333886588156723
97878480358144066871017
0
2091789541075507097813791
362156764145
50
15305800359
710132983885900018357125035283
61
5675
297116828189192044108406860403490905577074237496
0
29527547666191
1015619638014173017802639733063608849999353068173973
0
23364444212978841
132834216998179449954116884885745
0
3432971
186706344347786535293
5
17061212230213908311475
51096684106293747196300963
0
3192547
1050486357121373623441505697997641568412
8
69046639801774483015
114061843813746879873389686848389255332587954051956676292
4
466348544385160861467371
818954227071060436742
4
24724108976451929211795377
7101959189348521000299959
2
14136591
115744770879
28
3589912207242485345657
259502
5
1921017
494098178911262564202093973049762550800181264995488964210
2
16653
4406263373187867953584036837501516847406401927550
7
13754974260489209
4047603324679662531295
7
3047167643
18523120261
1
34997163585
653057820
2
1959600017
608452279345671028357867833
8
8745413
11811717
6
17162494594387
4789
10
5007739
808402107109503710902621117959969669526
0
4162517894625679
317692115098320555874007590874995899
0
512272804511433911909
1926524155505738915478496
0
1409799
54716579600032332230167267121299306419721472427003373
1
10530719966783009
16725815704497536201159207185998
3
12768062242527
20358847953716025012792394796348615001
24
1410660303282457482945
485803582
0
20111017384331
2316837444466536644517714379
27
1440126233616721
165069051298991128068965894906407714817237280339
0
118203
121503472577007435641202299166793137527669348319
4
4681755329791125549422857
403023803902653417941155661938
4
32157271321819648355599
1054512278312
14
383810959619
3580802815799492928519299415824225843139
2
176092907
2951568
1
34458870900208805663697317111
54525881769016018725372583149735520866101898911592852
5
112319569461205871382573
8326218884590788274471559941564288892
60
355
1561556152153
12
7
17000742685427
1
3030760670515621769
8366193963121731646
5
111
193059153461286098447
2
17429898917883295867993430463
32478357419647918017111056917508755497741392431
2
499844771410972381
3252357649965579188
0
7164444322249080753429
6181164336178557408420949003239646282563318162926591942894
6
163795386329215
34837317587971580334787395
1
9933
9468024673244549264645653766195791642173024243783
7
11
1059336067226
3
18180953656546597
278612196262815921302
3
1095231623536656543
801373857990523698981126372321255059162096583018633573
2
1561
167289150682543547424656
0
521803060501439589
2426224707649657179654124437180851033
2
147997512166387193570573
325459729671881081719791405979480233810492932236
34
5
165
3
1464338299665
8712377342700883
6
62427
468061771338206229154351855987364087905393540
1
40684470183
92
7
465051
2615394112785
18
1099448081
2363546540798512701806578403480274112261001512
37
827310692856983
27418117691340368550433910090164797458
1
1827
40850950956524565026111308319796097836431353743901361798687
1
35011604793987
218192702184825986489326458718533373952319033522797778434918
6
12504912741728368791876453
1321909326747989615392340705378018661072146
16
244964344123
3937796225616769518076904216404115566416003
7
104835
2228819600065629070974535870133210290215390325522394855
2
482553893744613
1792853977045080526771319847952
2
48247517
109666145566799502
11
72367786491692287043
133129555
0
12947981481900985
107672131
7
3
14800237346324807218663
2
21
51251154009580879114545857
0
567
1000455913
17
48165011664599
1868901613486
11
20845336233353333162552821
1618027344070908
14
4929252856678240545
356185078441472947758181956575997154762032792107335
0
251
28559146361305117394800191842524589841878
5
234431525
30298056499351728
3
66509331
1587088905559249885362486367114815190862679451654537494
6
530392381632056371
23271371686931377274071620241207962
11
104613789809537
226114159756
6
21459
5855483505035709976849032778201711644
1
512216983627682895
